1 53483.2
2 130831
3 248761
4 248506
5 259269
6 259008
7 258786
8 257910
9 254050
10 258364
11 262842
12 268278
13 261607
14 262092
15 260651
16 257116
17 257759
18 261587
19 261307
20 266868
21 266754
22 266541
23 266722
24 265034
25 269143
26 267705
27 267461
28 269063
29 267933
30 265862
31 269381
32 267578
33 266975
34 263313
35 264146
36 268738
37 257780
38 258510
39 263548
40 268324
41 267520
42 267904
43 266134
44 267952
45 268164
46 256988
47 264643
48 268018
49 264038
50 268657
51 263041
52 264342
53 266790
54 263226
55 265476
56 259175
57 267317
58 264194
59 267495
60 265018
61 253600
62 258795
63 265716
64 267554
65 269713
66 265952
67 253210
68 264513
69 268568
70 262723
71 264507
72 264661
73 264073
74 267678
75 266493
76 268212
77 268128
78 255775
79 257700
80 267116
81 268108
82 260629
83 266850
84 263456
85 263108
86 266904
87 266447
88 262921
89 260611
90 266492
91 268119
92 260693
93 267754
94 259632
95 261093
96 265191
97 260115
98 263929
99 263700
100 265527
