1 518.906
2 622.688
3 638.688
4 802.156
5 1784.94
6 895.125
7 895.125
8 915.125
9 896.062
10 915.125
11 895.125
12 907.125
13 904.062
14 900
15 915.125
16 895.125
17 916.938
18 900.75
19 895.125
20 915.125
21 896.062
22 915.125
23 895.125
24 907.125
25 904.062
26 895.125
27 915.125
28 895.125
29 908.062
30 903.125
31 898.375
32 916.75
33 896.062
34 916.75
35 900
36 895.125
37 916.062
38 895.125
39 915.125
40 895.125
41 908.062
42 903.125
43 895.125
44 915.125
45 896.062
46 911.125
47 899.125
48 895.125
49 920.938
50 895.125
51 915.125
52 901.625
53 908.062
54 903.125
55 895.125
56 915.125
57 896.062
58 907.125
59 903.125
60 895.125
61 916.062
62 895.125
63 915.125
64 895.125
65 896.062
66 920
67 895.125
68 915.125
69 900.938
70 908.75
71 903.125
72 895.125
73 916.062
74 895.125
75 915.125
76 895.125
77 896.062
78 915.125
79 895.125
80 915.125
81 896.062
82 907.125
83 906.375
84 896.75
85 916.062
86 895.125
87 913.625
88 903.125
89 896.062
90 915.125
91 895.125
92 915.125
93 896.062
94 895.125
95 915.125
96 895.125
97 916.062
98 895.125
99 907.125
100 903.125
