1 150421
2 230557
3 261143
4 274650
5 248223
6 249970
7 252028
8 255146
9 258255
10 256201
11 260811
12 265974
13 265866
14 271687
15 271629
16 271587
17 281462
18 282480
19 284879
20 283533
21 284768
22 284253
23 279055
24 280055
25 285003
26 281798
27 287554
28 281303
29 284607
30 285224
31 284412
32 282974
33 281479
34 284932
35 286981
36 286337
37 282362
38 285153
39 285685
40 291501
41 289388
42 289024
43 285009
44 287247
45 285545
46 286280
47 287867
48 279641
49 286487
50 277191
51 284674
52 283201
53 282012
54 284402
55 280095
56 282128
57 278086
58 272841
59 274297
60 281177
61 279102
62 286349
63 284165
64 285948
65 281453
66 278556
67 279350
68 273796
69 282146
70 279790
71 288342
72 286393
73 285926
74 286613
75 283915
76 282114
77 279176
78 272845
79 277153
80 276697
81 282325
82 278838
83 278244
84 283344
85 282030
86 288122
87 288698
88 282908
89 288332
90 283349
91 284409
92 286744
93 280783
94 282256
95 280471
96 283817
97 286936
98 284641
99 285533
100 280557
