1 133061
2 240341
3 270250
4 272522
5 278666
6 281088
7 275719
8 276807
9 280077
10 284313
11 278325
12 281588
13 281604
14 282755
15 281927
16 283229
17 282555
18 282174
19 281355
20 282381
21 282700
22 282619
23 282440
24 282186
25 282148
26 281153
27 281954
28 282452
29 282032
30 281845
31 281542
32 282123
33 282323
34 282053
35 282405
36 282171
37 282342
38 282454
39 282200
40 282077
41 282709
42 282598
43 282144
44 281928
45 282449
46 282043
47 281473
48 281470
49 282894
50 281459
51 282652
52 281610
53 282334
54 281622
55 282316
56 281516
57 281105
58 281965
59 281023
60 282337
61 281570
62 283230
63 282147
64 282402
65 282064
66 281916
67 281605
68 282252
69 282206
70 280778
71 281943
72 281942
73 281905
74 282419
75 282332
76 282138
77 282761
78 281793
79 282239
80 282221
81 281876
82 281612
83 281809
84 282176
85 282586
86 282069
87 281648
88 281951
89 280965
90 282408
91 281328
92 281302
93 282728
94 282013
95 282114
96 282677
97 282255
98 280776
99 282639
100 282432
