1 133212
2 234369
3 251173
4 255809
5 272678
6 272355
7 268045
8 265353
9 269146
10 267154
11 267715
12 266433
13 267512
14 267522
15 266703
16 268035
17 267465
18 266555
19 267976
20 266286
21 267725
22 267108
23 267401
24 267183
25 266865
26 268240
27 267232
28 267565
29 266954
30 265826
31 269155
32 266894
33 266061
34 268760
35 267102
36 267314
37 266981
38 266721
39 267709
40 266839
41 265889
42 267163
43 268134
44 264796
45 269441
46 267444
47 266561
48 266357
49 268294
50 267263
51 266936
52 267082
53 267789
54 266972
55 266757
56 268444
57 267443
58 267015
59 266967
60 266816
61 267443
62 266721
63 267630
64 267525
65 267313
66 266414
67 267073
68 267519
69 266754
70 267701
71 266809
72 267389
73 267231
74 266939
75 266934
76 267373
77 265386
78 269786
79 267344
80 266598
81 267284
82 267367
83 266723
84 267450
85 268026
86 267288
87 267076
88 267311
89 266766
90 267264
91 267418
92 266354
93 266911
94 268195
95 266597
96 267369
97 266966
98 267638
99 267003
100 266166
