1 133075
2 238825
3 260913
4 280871
5 279639
6 282423
7 287030
8 283107
9 283097
10 282502
11 281435
12 282471
13 282638
14 281610
15 283571
16 281676
17 283165
18 281954
19 282305
20 282201
21 282879
22 282200
23 283307
24 282517
25 282335
26 282143
27 282241
28 282686
29 282502
30 282579
31 282231
32 282704
33 282567
34 282167
35 282995
36 281716
37 282881
38 282814
39 281723
40 282623
41 282829
42 282642
43 282694
44 282149
45 282630
46 282065
47 282320
48 282376
49 282526
50 282372
51 281904
52 283449
53 281801
54 283035
55 281731
56 283232
57 282456
58 281778
59 282859
60 282767
61 281568
62 283477
63 281324
64 283559
65 281315
66 283828
67 282480
68 282475
69 282152
70 283046
71 282543
72 282317
73 282207
74 282893
75 281306
76 283286
77 282625
78 282591
79 282380
80 282326
81 282036
82 282985
83 281334
84 283461
85 282401
86 282585
87 281263
88 283668
89 282445
90 281062
91 283914
92 282587
93 280732
94 283937
95 282114
96 283047
97 281538
98 283120
99 282651
100 282364
