1 53483.2
2 132123
3 241957
4 238679
5 262426
6 273309
7 258957
8 263534
9 266312
10 254827
11 267785
12 267839
13 270349
14 264063
15 269915
16 268004
17 268496
18 270012
19 269229
20 268366
21 262596
22 269793
23 268504
24 270633
25 269964
26 268237
27 271076
28 269269
29 269419
30 269201
31 265463
32 266504
33 269061
34 269440
35 268948
36 269470
37 267612
38 270790
39 267628
40 271178
41 269972
42 268406
43 265021
44 265504
45 269670
46 269538
47 269365
48 269565
49 270042
50 267263
51 271717
52 269394
53 267316
54 265352
55 268399
56 269076
57 269853
58 270409
59 269324
60 269548
61 268679
62 270304
63 269759
64 265807
65 270848
66 270392
67 268318
68 270338
69 269355
70 269521
71 268595
72 269772
73 270605
74 265071
75 273811
76 269931
77 268695
78 267296
79 267452
80 271334
81 269440
82 269675
83 266084
84 272001
85 270193
86 269004
87 268928
88 269810
89 268391
90 270964
91 264064
92 274688
93 267522
94 258710
95 266317
96 270318
97 268677
98 270417
99 266089
100 272753
