1 1877.75
2 2427.88
3 2450.25
4 2453.44
5 3053.69
6 3134.41
7 2619.09
8 2654.62
9 2636.62
10 2656.25
11 2642.62
12 2637
13 2662.84
14 2619.31
15 2667.31
16 2639.31
17 2622.38
18 2671.66
19 2613.25
20 2678.41
21 2613.31
22 2634.5
23 2655.5
24 2609
25 2650.81
26 2632.25
27 2665
28 2625
29 2613.31
30 2666.5
31 2615.38
32 2663.5
33 2631.69
34 2624.12
35 2664.25
36 2613.12
37 2664.44
38 2628.25
39 2651.38
40 2622.62
41 2634.78
42 2638.66
43 2640.25
44 2667.38
45 2621.31
46 2614.5
47 2655.38
48 2620.25
49 2662.81
50 2634.75
51 2624.12
52 2651.38
53 2617.31
54 2677.88
55 2623.5
56 2648.12
57 2622.06
58 2628.25
59 2666.28
60 2611.12
61 2667.12
62 2611.12
63 2623.75
64 2660
65 2615.12
66 2673.5
67 2619.25
68 2628.62
69 2640
70 2632.62
71 2648.75
72 2629.62
73 2667.12
74 2622.38
75 2614.25
76 2647.88
77 2626.38
78 2671.88
79 2605.5
80 2637.5
81 2632.62
82 2622.38
83 2661.5
84 2628
85 2649.5
86 2626.25
87 2629.62
88 2659.88
89 2619.25
90 2650.25
91 2631.25
92 2645.5
93 2636.62
94 2600.62
95 2671.25
96 2625.5
97 2647.12
98 2631.88
99 2613.5
100 2661.5
