1 53483.2
2 127875
3 233628
4 238093
5 264657
6 260473
7 266420
8 264744
9 266396
10 263944
11 265613
12 265520
13 263912
14 267674
15 265120
16 266879
17 264029
18 266213
19 264835
20 266299
21 266200
22 265418
23 265539
24 265682
25 264629
26 268781
27 265347
28 265442
29 265063
30 266872
31 265447
32 265851
33 265947
34 265828
35 265887
36 265551
37 266785
38 266026
39 264682
40 266731
41 260421
42 271123
43 264068
44 267461
45 266102
46 267017
47 265795
48 266099
49 265692
50 265653
51 266206
52 265440
53 267460
54 264111
55 266706
56 267425
57 265868
58 266371
59 261682
60 265375
61 263606
62 265163
63 266123
64 263571
65 268447
66 265864
67 265997
68 267013
69 265611
70 265713
71 265716
72 265721
73 255193
74 265425
75 264236
76 267574
77 264868
78 262608
79 262530
80 263215
81 268867
82 266355
83 265027
84 266383
85 263869
86 265712
87 267838
88 266894
89 264739
90 262663
91 261314
92 264448
93 264309
94 269226
95 264041
96 267792
97 266030
98 263806
99 269064
100 263411
