1 44887.9
2 131984
3 233421
4 237826
5 230837
6 239298
7 248098
8 251171
9 254834
10 254074
11 264189
12 267285
13 262907
14 264473
15 264631
16 259779
17 265228
18 266842
19 263442
20 262395
21 253779
22 259211
23 261574
24 262041
25 266313
26 258279
27 257067
28 266224
29 263336
30 262285
31 265837
32 263900
33 265567
34 264587
35 263426
36 261217
37 265121
38 257453
39 261091
40 265302
41 264874
42 261501
43 263271
44 264964
45 256638
46 262592
47 264723
48 264705
49 255184
50 255750
51 257305
52 261433
53 258455
54 260788
55 261722
56 263732
57 265808
58 264169
59 268052
60 267515
61 265034
62 262291
63 260581
64 259404
65 255750
66 259462
67 255299
68 262307
69 265818
70 255631
71 259229
72 264007
73 261258
74 263298
75 262091
76 265046
77 264546
78 262933
79 266185
80 263793
81 265815
82 262833
83 264162
84 258212
85 260246
86 261262
87 257641
88 265565
89 264672
90 265733
91 267356
92 260704
93 263880
94 259500
95 264334
96 261905
97 262634
98 264408
99 264682
100 267218
