1 53483.2
2 123217
3 224494
4 237808
5 272335
6 258550
7 260161
8 264668
9 265387
10 267929
11 264411
12 268928
13 267084
14 265317
15 265593
16 266605
17 266252
18 266473
19 266470
20 265686
21 267161
22 263089
23 265251
24 266176
25 266473
26 266219
27 266224
28 266501
29 266452
30 264838
31 266176
32 266142
33 266750
34 266653
35 266055
36 266076
37 265654
38 267059
39 264158
40 268152
41 266519
42 265974
43 262701
44 266292
45 266192
46 265607
47 266202
48 266338
49 266374
50 265988
51 266335
52 266189
53 266561
54 261913
55 263242
56 266281
57 265918
58 267154
59 265803
60 264898
61 263063
62 266531
63 266356
64 266132
65 260773
66 266463
67 264928
68 262882
69 265033
70 266205
71 266450
72 266433
73 266204
74 264255
75 261063
76 264236
77 264177
78 266564
79 262845
80 264565
81 268565
82 266935
83 265876
84 263777
85 264233
86 266540
87 266940
88 265892
89 265010
90 265966
91 266705
92 266709
93 266084
94 264327
95 260772
96 265011
97 258998
98 265905
99 266857
100 265111
