1 518.906
2 622.688
3 638.688
4 1232.88
5 2302.91
6 1088.06
7 1088.06
8 1116.06
9 1089.16
10 1116.06
11 1088.06
12 1100.06
13 1105.16
14 1092.94
15 1112.06
16 1092.06
17 1114.03
18 1097.69
19 1088.06
20 1116.06
21 1089.16
22 1116.06
23 1088.06
24 1100.06
25 1105.16
26 1088.06
27 1116.06
28 1088.06
29 1101.16
30 1104.06
31 1089.69
32 1119.31
33 1089.16
34 1116.06
35 1094.56
36 1088.06
37 1117.16
38 1088.06
39 1116.06
40 1088.06
41 1101.16
42 1104.06
43 1088.06
44 1116.06
45 1089.16
46 1116.06
47 1088.06
48 1088.06
49 1122.03
50 1088.06
51 1116.06
52 1094.56
53 1101.16
54 1104.06
55 1088.06
56 1116.06
57 1089.16
58 1100.06
59 1104.06
60 1088.06
61 1117.16
62 1088.06
63 1116.06
64 1088.06
65 1089.16
66 1120.94
67 1088.06
68 1116.06
69 1092.41
70 1103.31
71 1104.06
72 1088.06
73 1117.16
74 1088.06
75 1108.06
76 1096.06
77 1089.16
78 1116.06
79 1088.06
80 1116.06
81 1089.16
82 1100.06
83 1107.31
84 1089.69
85 1117.16
86 1089.69
87 1104.94
88 1104.06
89 1089.16
90 1116.06
91 1088.06
92 1116.06
93 1089.16
94 1088.06
95 1116.06
96 1088.06
97 1117.16
98 1088.06
99 1100.06
100 1104.06
