1 150190
2 227685
3 292194
4 296257
5 305938
6 301001
7 296315
8 301263
9 302894
10 297156
11 299321
12 303736
13 308073
14 303898
15 303304
16 303508
17 309662
18 305322
19 303375
20 300782
21 305865
22 308220
23 302901
24 303909
25 305714
26 305534
27 309540
28 301862
29 308424
30 308667
31 304821
32 307339
33 304251
34 309834
35 307013
36 305521
37 302551
38 307781
39 304956
40 303460
41 301941
42 301542
43 311554
44 304786
45 301422
46 303101
47 308693
48 300493
49 307228
50 307893
51 306846
52 307236
53 303487
54 309033
55 303789
56 308362
57 308459
58 304216
59 308091
60 300001
61 311443
62 301714
63 302550
64 303645
65 303863
66 300261
67 305731
68 307718
69 303883
70 306344
71 300866
72 300767
73 307820
74 305006
75 308187
76 305407
77 305851
78 304419
79 297387
80 307888
81 303692
82 306869
83 303442
84 301474
85 306880
86 295866
87 299776
88 302956
89 298263
90 297070
91 299930
92 294680
93 302427
94 304626
95 301512
96 302972
97 305046
98 308017
99 301948
100 292441
