1 53483.2
2 126906
3 240251
4 238581
5 277678
6 268103
7 266223
8 264503
9 267613
10 264813
11 266327
12 265922
13 266771
14 264537
15 265613
16 267220
17 266342
18 265572
19 266526
20 265628
21 266943
22 266923
23 260930
24 262536
25 265000
26 266077
27 266119
28 265255
29 266741
30 263247
31 269301
32 266310
33 266227
34 266824
35 266317
36 266370
37 264028
38 266514
39 264602
40 267067
41 266683
42 265179
43 266915
44 262934
45 267411
46 266384
47 265317
48 266061
49 267387
50 266013
51 266361
52 265471
53 266034
54 264472
55 265065
56 266394
57 266072
58 266775
59 265879
60 265175
61 255751
62 262895
63 264255
64 266176
65 266759
66 265925
67 265535
68 268034
69 263951
70 266113
71 266216
72 266104
73 265191
74 266998
75 265902
76 266601
77 262410
78 268860
79 257822
80 264029
81 267890
82 266891
83 265884
84 266037
85 266445
86 266635
87 265789
88 266171
89 267020
90 264400
91 266420
92 266360
93 265552
94 266397
95 262663
96 267787
97 264866
98 266004
99 267761
100 265976
