1 518.906
2 622.688
3 638.688
4 802.156
5 1371.56
6 1075.5
7 1128.12
8 915.125
9 896.062
10 915.125
11 895.125
12 907.125
13 904.062
14 900
15 915.125
16 895.125
17 914.562
18 903.125
19 895.125
20 915.125
21 896.062
22 915.125
23 895.125
24 907.125
25 904.062
26 895.125
27 915.125
28 895.125
29 908.062
30 903.125
31 896.75
32 918.375
33 896.062
34 918.375
35 898.375
36 895.125
37 916.062
38 895.125
39 915.125
40 895.125
41 908.062
42 903.125
43 895.125
44 915.125
45 896.062
46 911.125
47 899.125
48 895.125
49 920.938
50 895.125
51 915.125
52 900
53 909.688
54 903.125
55 895.125
56 915.125
57 896.062
58 907.125
59 903.125
60 895.125
61 916.062
62 895.125
63 915.125
64 895.125
65 896.062
66 918.375
67 896.75
68 915.125
69 899.312
70 908.75
71 904.75
