1 143094
2 224498
3 291407
4 278614
5 282427
6 296489
7 293209
8 288783
9 288905
10 293077
11 287162
12 298054
13 290622
14 293310
15 295803
16 296605
17 290907
18 293067
19 293835
20 295452
21 290596
22 295164
23 291859
24 292376
25 289374
26 289268
27 295944
28 293577
29 294356
30 298445
31 291854
32 295343
33 290462
34 290384
35 296541
36 294435
37 292127
38 295649
39 299518
40 287863
41 300837
42 297688
43 298229
44 298211
45 293767
46 297188
47 298516
48 299367
49 300963
50 292626
51 297298
52 299998
53 297250
54 298693
55 292149
56 295931
57 289433
58 293268
59 286486
60 291670
61 290945
62 287443
63 290259
64 287732
65 299043
66 295621
67 289955
68 294400
69 289948
70 297424
71 293376
72 290079
73 293057
74 289751
75 293696
76 292667
77 291305
78 294031
79 297580
80 288144
81 297868
82 286555
83 294701
84 288654
85 291935
86 294926
87 285923
88 296166
89 293276
90 294239
91 293047
92 290300
93 292944
94 294161
95 293979
96 297230
97 294935
98 290446
99 291656
100 285844
