1 2021.34
2 2419.44
3 2485.19
4 2572.97
5 3297.34
6 2940.62
7 2585.81
8 2630.56
9 2597.66
10 2772.44
11 2746
12 2803.38
13 2831.16
14 2684.19
15 2737.06
16 2701.06
17 2702.22
18 2729.94
19 2665.69
20 2747.84
21 2682.59
22 2713.03
23 2719.25
24 2682.5
25 2739.5
26 2674.38
27 2724.88
28 2688.75
29 2716.34
30 2723.41
31 2668
32 2745.75
33 2689.12
34 2709.75
35 2716
36 2689
37 2739.34
38 2685.03
39 2717.75
40 2703.94
41 2684.03
42 2736.69
43 2683.94
44 2722.31
45 2701.66
46 2692.69
47 2718.31
48 2683.94
49 2739.12
50 2694.59
51 2704.56
52 2707.19
53 2686.97
54 2725
55 2692.31
56 2726.88
57 2694.03
58 2690.41
59 2741.38
60 2669.38
61 2740.56
62 2677.38
63 2721.38
64 2695.75
65 2680.25
66 2728.06
67 2696.62
68 2727
69 2696.56
70 2695.12
71 2719
72 2683
73 2732.56
74 2697.38
75 2689.38
76 2734.25
77 2674.78
78 2730.28
79 2683
80 2723
81 2693.91
82 2704.03
83 2719.75
84 2671.75
85 2722.19
86 2713.5
87 2682.12
88 2733.38
89 2681.28
90 2736.78
91 2690.25
92 2704.62
93 2710.94
94 2681.38
95 2730.12
96 2690.25
97 2713.16
98 2703.16
99 2685.38
100 2727
