1 53483.2
2 124863
3 215600
4 237273
5 259475
6 249860
7 254381
8 265577
9 263627
10 258570
11 263720
12 265165
13 264794
14 261734
15 265876
16 264575
17 264915
18 257798
19 266543
20 265586
21 261307
22 265356
23 264616
24 266237
25 264132
26 266733
27 265913
28 265620
29 265505
30 262789
31 264829
32 265535
33 265558
34 265561
35 265203
36 264331
37 262878
38 264813
39 263182
40 265400
41 264452
42 262618
43 257949
44 263328
45 265901
46 263391
47 266904
48 266154
49 261091
50 266237
51 263437
52 257024
53 261576
54 263932
55 266969
56 266832
57 266342
58 266932
59 264331
60 265072
61 262730
62 267420
63 263673
64 266000
65 265152
66 265717
67 264354
68 261307
69 265023
70 265118
71 261436
72 260614
73 262432
74 267174
75 265226
76 265361
77 264111
78 259505
79 258976
80 261478
81 267336
82 263601
83 265168
84 265554
85 264561
86 265036
87 264271
88 258467
89 265039
90 257972
91 264451
92 264012
93 264930
94 266412
95 262078
96 261949
97 263131
98 264839
99 267745
100 262205
