1 143094
2 223890
3 291001
4 303078
5 283566
6 293432
7 291230
8 299977
9 291641
10 302139
11 295171
12 304836
13 293036
14 303184
15 295069
16 299039
17 303702
18 295910
19 302145
20 299711
21 301398
22 301346
23 298995
24 301011
25 302122
26 298797
27 303756
28 302075
29 300018
30 301368
31 295272
32 305234
33 297897
34 300153
35 303725
36 298934
37 305193
38 302491
39 301173
40 300393
41 302699
42 301896
43 304191
44 305655
45 299145
46 304195
47 301527
48 304240
49 302040
50 301471
51 302709
52 305098
53 301209
54 300677
55 299108
56 301889
57 301682
58 301046
59 298836
60 299921
61 301908
62 296696
63 299854
64 298792
65 298844
66 302928
67 296172
68 300046
69 298010
70 297826
71 299295
72 298855
73 298145
74 298071
75 306282
76 297457
77 302098
78 299696
79 303808
80 300065
81 309605
82 295913
83 301278
84 296325
85 301573
86 300419
87 295968
88 306125
89 303358
90 302979
91 300952
92 301114
93 298264
94 305611
95 301860
96 300565
97 304052
98 304015
99 300097
100 301761
