1 143183
2 226871
3 275503
4 261701
5 244588
6 240213
7 245819
8 239639
9 252425
10 254347
11 257969
12 266075
13 265701
14 262875
15 278419
16 268419
17 271353
18 279760
19 275268
20 273396
21 281658
22 275923
23 274224
24 278869
25 268824
26 279247
27 279087
28 280429
29 274561
30 277702
31 284263
32 283692
33 281596
34 277720
35 281643
36 283777
37 276173
38 281173
39 278164
40 282364
41 281317
42 284720
43 285877
44 287223
45 281167
46 283707
47 287417
48 283096
49 287647
50 282903
51 287025
52 290344
53 286747
54 281848
55 286853
56 284930
57 283866
58 289350
59 286543
60 289218
61 292708
62 281528
63 282459
64 285168
65 277954
66 285356
67 277763
68 282120
69 278418
70 284584
71 282008
72 281429
73 280521
74 279037
75 284876
76 283623
77 284579
78 283142
79 293070
80 283222
81 283278
82 282661
83 291738
84 283105
85 284967
86 280695
87 275585
88 278067
89 284639
90 285146
91 278235
92 285878
93 283982
94 274886
95 278496
96 282959
97 281868
98 284219
99 283828
100 285652
