1 1893.31
2 2406.5
3 2452.66
4 2643.62
5 3646.75
6 2703.75
7 2668.03
8 2734.06
9 2693.09
10 2718.81
11 2697.31
12 2688.44
13 2732.22
14 2677.31
15 2745.31
16 2667.56
17 2717.22
18 2712.44
19 2670.06
20 2749.31
21 2674.59
22 2716.44
23 2712.56
24 2684.44
25 2721.84
26 2684.44
27 2732.44
28 2682.81
29 2691.47
30 2728.44
31 2672.44
32 2737.31
33 2672.81
34 2722.34
35 2716.56
36 2669.19
37 2735.47
38 2681.19
39 2708.56
40 2718.06
41 2700.22
42 2715.69
43 2676.44
44 2734.06
45 2689.84
46 2686.81
47 2718.81
48 2674.81
49 2749.97
50 2679.69
51 2726.81
52 2700.56
53 2677.84
54 2748.56
55 2674.06
56 2722.81
57 2698.72
58 2690.81
59 2703.56
60 2693.31
61 2744.06
62 2664.59
63 2730.06
64 2698.06
65 2673.84
66 2723.69
67 2696.44
68 2737.31
69 2689.22
70 2682.81
71 2727.69
72 2691.69
73 2713.72
74 2702.94
75 2702.06
76 2718.06
77 2666.59
78 2738.06
79 2686.06
80 2726.81
81 2677.84
82 2702.81
83 2725.31
84 2681.31
85 2724.22
86 2697.31
87 2706.94
88 2710.81
89 2675.47
90 2739.69
91 2680.44
92 2704.44
93 2708.22
94 2682.94
95 2746.06
96 2676.44
97 2720.22
98 2698.06
99 2675.56
100 2714.44
