1 150170
2 227096
3 283146
4 286846
5 278171
6 288563
7 277858
8 282910
9 286136
10 283803
11 284786
12 285777
13 286823
14 286562
15 290627
16 287930
17 291105
18 286562
19 287960
20 288688
21 285891
22 289131
23 284293
24 290192
25 296206
26 294495
27 291289
28 283564
29 292760
30 295807
31 283464
32 284614
33 279936
34 277885
35 281992
36 281070
37 275593
38 284540
39 280955
40 276047
41 274429
42 276796
43 281792
44 281767
45 277729
46 284219
47 281318
48 281426
49 280025
50 285825
51 293163
52 293937
53 295726
54 292184
55 293007
56 299075
57 290777
58 298473
59 299266
60 290731
61 294175
62 289947
63 283576
64 285497
65 284858
66 281316
67 281869
68 288894
69 284022
70 282680
71 287516
72 282773
73 288469
74 279424
75 286352
76 283956
77 280968
78 283194
79 273877
80 287900
81 276436
82 278215
83 282729
84 271992
85 284107
86 282139
87 279371
88 277817
89 279567
90 277180
91 290043
92 282951
93 281670
94 285016
95 284893
96 281182
97 275659
98 282878
99 288710
100 283719
