1 518.906
2 622.688
3 638.688
4 1132.38
5 1931.41
6 992.062
7 992.062
8 1016.06
9 993.156
10 1016.06
11 992.062
12 1004.06
13 1005.16
14 996.938
15 1014.44
16 993.688
17 1014.03
18 1001.69
19 992.062
20 1016.06
21 993.156
22 1016.06
23 992.062
24 1004.06
25 1005.16
26 992.062
27 1016.06
28 992.062
29 1005.16
30 1004.06
31 995.312
32 1017.69
33 993.156
34 1017.69
35 996.938
36 992.062
37 1017.16
38 992.062
39 1016.06
40 992.062
41 1005.16
42 1004.06
43 992.062
44 1016.06
45 993.156
46 1008.06
47 1000.06
48 992.062
49 1022.03
50 992.062
51 1016.06
52 995.312
53 1008.41
54 1004.06
55 992.062
56 1016.06
57 993.156
58 1004.06
59 1004.06
60 992.062
61 1017.16
62 992.062
63 1016.06
64 992.062
65 993.156
66 1019.31
67 993.688
68 1016.06
69 996.406
70 1007.31
71 1004.06
72 992.062
73 1017.16
74 992.062
75 1012.06
76 996.062
77 993.156
78 1016.06
79 992.062
80 1016.06
81 993.156
82 1004.06
83 1007.31
84 993.688
85 1017.16
86 993.688
87 1008.94
88 1004.06
89 993.156
90 1016.06
91 992.062
92 1016.06
93 993.156
94 992.062
95 1016.06
96 992.062
97 1017.16
98 992.062
99 1004.06
100 1004.06
