1 1877.75
2 2433.69
3 2452.62
4 2638.34
5 3360.88
6 2644.75
7 2628.97
8 2676.38
9 2625.31
10 2672.5
11 2626.88
12 2626
13 2666.06
14 2630.12
15 2645.25
16 2667.88
17 2639.56
18 2649.38
19 2627.62
20 2677.38
21 2630.06
22 2659.75
23 2652.5
24 2613.25
25 2674.06
26 2630.88
27 2656.38
28 2639.75
29 2636.28
30 2657.41
31 2624.5
32 2687.75
33 2610.66
34 2651.03
35 2675.12
36 2615.62
37 2681.31
38 2619.62
39 2681.38
40 2621.12
41 2632.41
42 2676.66
43 2613.25
44 2646.12
45 2664.44
46 2635.62
47 2649.25
48 2626.12
49 2690.06
50 2612.5
51 2655.75
52 2663.75
53 2617.19
54 2684.62
55 2614
56 2663.75
57 2653.16
58 2626.16
59 2661.25
60 2624.5
61 2678.06
62 2630.12
63 2641.25
64 2658.12
65 2614.66
66 2680.66
67 2624.5
68 2666.12
69 2639.69
70 2634.12
71 2673.97
72 2613.94
73 2664.81
74 2633.34
75 2659.56
76 2645.06
77 2626.59
78 2665.19
79 2620.19
80 2672.69
81 2635.75
82 2617.88
83 2668.25
84 2643.5
85 2660.5
86 2638.75
87 2620.25
88 2677.88
89 2611.84
90 2650.44
91 2652.19
92 2652.81
93 2650.62
94 2607.34
95 2674.56
96 2629.69
97 2658.59
98 2638.38
99 2627.12
100 2659.12
