1 53483.2
2 125700
3 233567
4 240190
5 276291
6 267608
7 262981
8 266574
9 266666
10 265651
11 266517
12 266256
13 265662
14 267698
15 266617
16 266391
17 266215
18 265397
19 265911
20 266976
21 265401
22 267484
23 266480
24 265191
25 264968
26 268451
27 266793
28 266434
29 266301
30 264350
31 268110
32 266160
33 266245
34 265596
35 266600
36 263220
37 268611
38 267783
39 264890
40 267853
41 266815
42 266292
43 266568
44 265073
45 266165
46 266820
47 265956
48 266084
49 266062
50 265881
51 265783
52 267040
53 265182
54 267115
55 267436
56 266498
57 264184
58 268941
59 265804
60 265140
61 261528
62 265601
63 264984
64 266258
65 264879
66 268058
67 266807
68 266973
69 266448
70 265265
71 266674
72 266639
73 265500
74 267283
75 264012
76 268199
77 262737
78 267158
79 261507
80 265124
81 266555
82 266756
83 264636
84 266503
85 258381
86 262149
87 265164
88 264292
89 265575
90 267374
91 265433
92 268086
93 265961
94 267345
95 265728
96 267414
97 264855
98 266550
99 266850
100 265531
