1 53483.2
2 125576
3 240448
4 240697
5 277931
6 266060
7 265594
8 264954
9 267681
10 266493
11 265214
12 266983
13 266978
14 264533
15 266042
16 266800
17 265723
18 266340
19 267344
20 266037
21 266167
22 266650
23 265079
24 266400
25 265671
26 266565
27 265531
28 266839
29 265949
30 267291
31 266680
32 266579
33 265534
34 266101
35 266184
36 266850
37 258942
38 264635
39 265248
40 267789
41 266717
42 265976
43 267186
44 265314
45 266752
46 266703
47 265625
48 265958
49 267129
50 265915
51 265930
52 266682
53 265428
54 267861
55 266512
56 266517
57 264487
58 268562
59 265565
60 266125
61 262446
62 266637
63 265805
64 264773
65 267081
66 267441
67 267093
68 266715
69 265261
70 267151
71 265989
72 266552
73 262660
74 269135
75 266332
76 266818
77 264367
78 267781
79 259720
80 268184
81 266247
82 266852
83 265629
84 266143
85 265649
86 267511
87 266880
88 266694
89 267690
90 264738
91 266344
92 266159
93 265729
94 267104
95 264592
96 268942
97 266510
98 265848
99 266446
100 266419
