1 53483.2
2 124887
3 232210
4 241712
5 271005
6 261849
7 261951
8 267504
9 269009
10 265790
11 262731
12 267933
13 264570
14 267546
15 264074
16 262458
17 267500
18 265051
19 264124
20 267645
21 266656
22 264222
23 261266
24 264450
25 266194
26 269657
27 268684
28 266066
29 266082
30 267885
31 262074
32 268552
33 266059
34 259246
35 260473
36 262341
37 262887
38 264436
39 268549
40 265002
41 262237
42 268420
43 260954
44 265867
45 268535
46 266342
47 264604
48 259342
49 261911
50 267963
51 268682
52 266447
53 259172
54 265623
55 267662
56 264872
57 265836
58 266646
59 268702
60 263853
61 259979
62 263510
63 260477
64 264997
65 261378
66 268139
67 263745
68 263077
69 259833
70 264574
71 268128
72 265885
73 265684
74 269551
75 265343
76 269360
77 266219
78 256629
79 257414
80 261927
81 266987
82 267883
83 267905
84 265150
85 265687
86 262337
87 265454
88 264538
89 260333
90 261086
91 259915
92 265203
93 265428
94 255298
95 260129
96 266269
97 263641
98 263409
99 259215
100 261368
