1 1584.06
2 2750.91
3 2434.44
4 3510.16
5 3370.31
6 2817.88
7 2797.88
8 2869.88
9 2800.69
10 2869.88
11 2797.88
12 2821.88
13 2848.69
14 2806
15 2873.12
16 2799.5
17 2837.56
18 2849.25
19 2797.88
20 2869.88
21 2800.69
22 2861.88
23 2805.88
24 2805.88
25 2864.69
26 2797.88
27 2865.88
28 2801.88
29 2832.69
30 2837.88
31 2799.5
32 2879.62
33 2802.31
34 2853.12
35 2829.25
36 2797.88
37 2874.31
38 2797.88
39 2869.88
40 2797.88
41 2823.06
42 2847.5
43 2797.88
44 2865.88
45 2804.69
46 2833.88
47 2833.88
48 2797.88
49 2882.44
50 2799.5
51 2869.12
52 2810
53 2823.19
54 2853.88
55 2797.88
56 2869.88
57 2800.69
58 2829.88
59 2837.88
60 2797.88
61 2872.69
62 2797.88
63 2845.88
64 2821.88
65 2800.69
66 2878
67 2801.12
68 2871.5
69 2807.19
70 2828.38
71 2845.88
72 2797.88
73 2868.69
74 2805.12
75 2833.88
76 2833.88
77 2800.69
78 2869.88
79 2797.88
80 2857.88
81 2812.69
82 2821.88
83 2845.88
84 2812.5
85 2872.69
86 2797.88
87 2834
88 2846.75
89 2802.31
90 2869.88
91 2796.25
92 2851.5
93 2819.06
94 2799.5
95 2869.88
96 2797.88
97 2868.69
98 2801.88
99 2829.88
100 2837.88
101 2813.69
102 2864.25
103 2803.5
104 2847.62
105 2837.56
106 2797.88
107 2869.88
108 2799.5
109 2868.69
110 2801.88
111 2821.88
112 2845.88
113 2800.69
114 2869.88
115 2797.88
116 2829.88
117 2837.44
118 2806
119 2878
120 2797.88
121 2870.44
122 2814.75
123 2799.5
124 2861.88
125 2807.06
126 2861.88
127 2807.5
128 2825.88
129 2844.69
130 2797.88
131 2869.88
132 2797.88
133 2852.69
134 2817.88
135 2804.38
136 2867.5
137 2811.19
138 2853.88
139 2825.25
140 2819.5
141 2854.31
142 2796.25
143 2867.5
144 2801.88
145 2828.69
146 2841.88
147 2797.88
148 2865.88
149 2804.69
150 2857.88
151 2809.88
152 2801.88
153 2878.44
154 2802.75
155 2865.88
156 2805.12
157 2844.06
158 2837.88
159 2797.88
160 2869.88
161 2800.53
162 2850.03
163 2817.88
164 2794.62
165 2875.94
166 2797.88
167 2869.88
168 2797.88
169 2832.69
170 2844.38
171 2802.75
172 2861.88
173 2820.06
174 2827.5
175 2843.5
176 2801.12
177 2872.69
178 2797.88
179 2857.88
180 2809.88
181 2808.69
182 2861.88
183 2797.88
184 2869.88
185 2800.69
186 2825.88
187 2845.12
188 2807.62
189 2872.69
190 2807.62
191 2836.25
192 2836.38
193 2802.31
194 2869.88
195 2797.88
196 2861.88
197 2807.06
198 2831.5
199 2833.88
200 2801.88
