1 133224
2 231282
3 257610
4 274041
5 274689
6 273929
7 272358
8 271645
9 274135
10 272410
11 272145
12 274041
13 272681
14 272604
15 272028
16 273392
17 271474
18 272696
19 273918
20 273144
21 272366
22 271839
23 272969
24 272107
25 272758
26 272326
27 272877
28 272354
29 272233
30 272107
31 273190
32 272846
33 272064
34 272610
35 273207
36 273345
37 272050
38 273659
39 272943
40 272030
41 270048
42 275301
43 272420
44 272497
45 272991
46 272916
47 272092
48 272259
49 273452
50 272178
51 271248
52 274066
53 272368
54 271529
55 273754
56 272649
57 272597
58 272921
59 271791
60 273850
61 272785
62 272376
63 272000
64 273281
65 272484
66 273676
67 272983
68 272021
69 272695
70 271907
71 273696
72 272685
73 271943
74 271104
75 274564
76 273797
77 269683
78 275599
79 272486
80 272069
81 272469
82 273922
83 272280
84 272491
85 272049
86 274042
87 271350
88 274005
89 272090
90 272086
91 272827
92 272976
93 273432
94 272806
95 272616
96 272404
97 272208
98 272950
99 272401
100 271793
