1 742.969
2 891.562
3 888.125
4 1657
5 2509.84
6 1375.38
7 1433
8 1476.12
9 1398.09
10 1530.94
11 1398.94
12 1418.94
13 1416.34
14 1398.94
15 1438.19
16 1398.94
17 1432.47
18 1414.19
19 1398.94
20 1434.94
21 1398.72
22 1431.69
23 1403.81
24 1417.31
25 1416.34
26 1400.56
27 1433.31
28 1400.56
29 1420.34
30 1414.94
31 1402.19
32 1434.94
33 1400.34
34 1438.19
35 1400.56
36 1405.44
37 1436.34
38 1395.69
39 1433.31
40 1403.81
41 1420.34
42 1414.94
43 1398.94
44 1434.94
45 1398.72
46 1424.56
47 1410.94
48 1398.94
49 1439.59
50 1397.31
51 1436.56
52 1410.31
53 1420.34
54 1410.06
55 1395.69
56 1443.06
57 1400.34
58 1414.06
59 1419.81
60 1398.94
61 1434.72
62 1400.56
63 1434.94
64 1398.94
65 1400.34
66 1438.19
67 1398.94
68 1434.94
69 1410.09
70 1420.56
71 1414.94
72 1395.69
73 1439.59
74 1398.94
75 1422.94
76 1410.94
77 1400.34
78 1434.94
79 1389.19
80 1444.69
81 1400.34
82 1418.94
83 1405.19
84 1411.94
85 1436.34
86 1403.81
87 1425.44
88 1406.81
89 1408.47
90 1434.94
91 1395.69
92 1438.19
93 1397.09
94 1402.19
95 1434.94
96 1392.44
97 1442.84
98 1398.94
99 1417.31
100 1416.56
