1 26661.6
2 70451.5
3 182784
4 236782
5 241272
6 231466
7 226548
8 226239
9 215282
10 234148
11 242318
12 230336
13 249810
14 230964
15 246155
16 232975
17 240065
18 223742
19 230404
20 233103
21 238227
22 226741
23 236694
24 241112
25 238991
26 247908
27 241254
28 245589
29 244060
30 247152
31 248390
32 251985
33 256281
34 243007
35 219791
36 243279
37 227634
38 248790
39 242690
40 249190
41 247739
42 249415
43 232441
44 240462
45 237149
46 229362
47 248749
48 254164
49 241253
50 243608
51 247197
52 257142
53 243015
54 240034
55 239988
56 254215
57 245270
58 248262
59 234029
60 250812
61 245562
62 239222
63 235074
64 235393
65 252294
66 236340
67 224413
68 246687
69 246678
70 237066
71 249799
72 230970
73 243188
74 242470
75 255384
76 247903
77 253606
78 243582
79 237664
80 235692
81 243317
82 251371
83 243771
84 221729
85 241819
86 251026
87 240901
88 236411
89 249359
90 244009
91 246076
92 243090
93 256032
94 243583
95 254627
96 242607
97 233765
98 241446
99 222103
100 241689
