1 26661.6
2 70520.3
3 175733
4 232938
5 239575
6 233086
7 239930
8 239093
9 222145
10 232667
11 247630
12 243446
13 249655
14 232989
15 250395
16 243281
17 249945
18 229298
19 233064
20 231240
21 249832
22 234740
23 234269
24 249085
25 240404
26 249626
27 254798
28 254515
29 242557
30 253952
31 249290
32 250406
33 259676
34 241825
35 218457
36 240078
37 219557
38 223080
39 222425
40 230300
41 233583
42 251111
43 248072
44 244117
45 246010
46 232742
47 248756
48 256597
49 243908
50 246817
51 244210
52 260798
53 251166
54 230985
55 245057
56 246956
57 239624
58 250974
59 249959
60 245339
61 220163
62 216572
63 219305
64 218243
65 239083
66 231335
67 222469
68 244796
69 237151
70 243146
71 244327
72 228559
73 246170
74 253199
75 259128
76 249576
77 259838
78 231674
79 230736
80 229286
81 236097
82 241015
83 237127
84 214683
85 224439
86 233093
87 239953
88 228184
89 246013
90 238226
91 239248
92 240336
93 252606
94 239654
95 253624
96 237986
97 242818
98 244479
99 228958
100 248871
