1 210.312
2 252.375
3 260.375
4 762.062
5 1552.62
6 621.75
7 621.75
8 637.75
9 622.375
10 637.75
11 621.75
12 629.75
13 630.375
14 623.375
15 637.75
16 621.75
17 639.25
18 625.75
19 621.75
20 637.75
21 622.375
22 637.75
23 621.75
24 629.75
25 630.375
26 621.75
27 637.75
28 621.75
29 630.375
30 629.75
31 621.75
32 639.375
33 622.375
34 642.625
35 621.75
36 621.75
37 638.375
38 621.75
39 637.75
40 621.75
41 630.375
42 629.75
43 621.75
44 637.75
45 622.375
46 633.75
47 625.75
48 621.75
49 640
50 621.75
51 637.75
52 626.625
53 630.375
54 629.75
55 621.75
56 637.75
57 622.375
58 629.75
59 629.75
60 621.75
61 638.375
62 621.75
63 637.75
64 621.75
65 622.375
66 639.375
67 621.75
68 637.75
69 627.25
70 629.75
71 629.75
72 621.75
73 638.375
74 621.75
75 633.75
76 625.75
77 622.375
78 637.75
79 621.75
80 637.75
81 622.375
82 629.75
83 631.375
84 621.75
85 638.375
86 625
87 631.375
88 629.75
89 622.375
90 637.75
91 621.75
92 637.75
93 622.375
94 621.75
95 637.75
96 621.75
97 638.375
98 621.75
99 629.75
100 629.75
