1 26661.6
2 70406.7
3 178002
4 236171
5 235607
6 233636
7 239637
8 242040
9 223316
10 232901
11 251249
12 236344
13 239269
14 218869
15 239066
16 239000
17 244783
18 232727
19 235127
20 233004
21 236046
22 223143
23 217409
24 228446
25 224309
26 217569
27 231263
28 228257
29 214436
30 240325
31 251091
32 243353
33 254883
34 236825
35 220025
36 244590
37 220011
38 235136
39 241186
40 239209
41 230240
42 251922
43 244439
44 235184
45 241351
46 221778
47 234364
48 240702
49 222020
50 241545
51 232510
52 244927
53 239192
54 235379
55 245443
56 243657
57 243957
58 252912
59 236597
60 259035
61 229640
62 238802
63 228050
64 236438
65 257741
66 226961
67 225507
68 242683
69 237208
70 242268
71 248398
72 216740
73 240840
74 238922
75 236776
76 244090
77 248472
78 236230
79 235647
80 230396
81 247226
82 255817
83 246057
84 218946
85 239683
86 244029
87 249916
88 229274
89 246719
90 237271
91 235318
92 223801
93 243356
94 240024
95 246352
96 224748
97 247777
98 233465
99 232785
100 250162
