1 26661.6
2 70451.5
3 176928
4 233484
5 231261
6 228653
7 238537
8 238642
9 221106
10 227296
11 245081
12 246573
13 257159
14 236769
15 253384
16 251955
17 255441
18 241886
19 242753
20 229908
21 245337
22 239981
23 249441
24 240827
25 237540
26 245219
27 248159
28 250004
29 240404
30 252533
31 251011
32 259654
33 263184
34 258146
35 240814
36 257871
37 248637
38 261678
39 256657
40 263809
41 259244
42 261696
43 240819
44 246695
45 247775
46 240093
47 251804
48 260036
49 247284
50 246102
51 253365
52 264298
53 262827
54 251422
55 259662
56 266659
57 257719
58 264819
59 262246
60 255810
61 235073
62 241417
63 244415
64 241475
65 262793
66 251519
67 236460
68 258432
69 261599
70 261858
71 264871
72 246053
73 259222
74 250987
75 261356
76 260730
77 258652
78 251068
79 241796
80 244630
81 258720
82 263011
83 257888
84 244644
85 258983
86 263530
87 264417
88 260505
89 264189
90 263896
91 264426
92 263660
93 262534
94 254739
95 253799
96 241345
97 256172
98 246385
99 235298
100 255604
