1 26393.6
2 63915.7
3 169759
4 216061
5 193185
6 183116
7 176354
8 190283
9 188852
10 189965
11 203892
12 204255
13 207914
14 210574
15 219715
16 220682
17 211346
18 213568
19 225625
20 212580
21 211557
22 207279
23 214572
24 214670
25 214602
26 222313
27 203150
28 221605
29 211964
30 212181
31 213549
32 210581
33 226233
34 225777
35 216789
36 223450
37 220738
38 212197
39 223031
40 225944
41 219024
42 220166
43 217313
44 220115
45 220145
46 218443
47 223025
48 218656
49 216515
50 219086
51 217925
52 228441
53 207339
54 219048
55 215167
56 211447
57 221514
58 224682
59 220782
60 224126
61 227263
62 218216
63 218078
64 218054
65 222416
66 220038
67 221638
68 206824
69 219503
70 198510
71 203291
72 197178
73 220579
74 221246
75 230718
76 218232
77 220840
78 208646
79 215184
80 227297
81 207437
82 201546
83 220093
84 207732
85 209664
86 215855
87 213735
88 221552
89 224942
90 231482
91 231311
92 228581
93 215043
94 214273
95 224116
96 202995
97 197171
98 213825
99 207285
100 231293
