1 150190
2 228937
3 284310
4 286139
5 284412
6 284682
7 281515
8 287248
9 297433
10 288760
11 292276
12 298913
13 289062
14 294708
15 287308
16 292025
17 293506
18 295866
19 296107
20 291407
21 286177
22 290245
23 289203
24 293653
25 295875
26 298501
27 291761
28 285178
29 300128
30 298645
31 292116
32 291245
33 296959
34 292437
35 294980
36 288562
37 287072
38 293461
39 287316
40 292179
41 286637
42 286502
43 294834
44 294557
45 287329
46 287955
47 287116
48 284926
49 282945
50 288944
51 292760
52 286779
53 296587
54 292001
55 292957
56 290319
57 295980
58 291952
59 299291
60 291934
61 301860
62 295744
63 292439
64 299130
65 286661
66 292027
67 288087
68 297502
69 289740
70 289205
71 297643
72 292562
73 299515
74 284385
75 296623
76 292707
77 291666
78 289432
79 282253
80 301768
81 289142
82 292167
83 296871
84 280423
85 291930
86 287520
87 283725
88 280356
89 295105
90 281033
91 299457
92 287908
93 285261
94 296937
95 291744
96 299285
97 291859
98 294007
99 290971
100 287988
