1 1877.75
2 2418.25
3 2449.56
4 2603
5 3392.56
6 2680.38
7 2608.12
8 2677
9 2644.94
10 2669
11 2638.62
12 2638.62
13 2663.03
14 2624.41
15 2685.12
16 2630.62
17 2647.16
18 2671.66
19 2621.75
20 2670.62
21 2648
22 2652.38
23 2654.56
24 2609.56
25 2689.19
26 2633.03
27 2671.12
28 2634.38
29 2628.69
30 2667.44
31 2620.75
32 2687.25
33 2628.25
34 2640.75
35 2675.25
36 2605.5
37 2689.72
38 2635.41
39 2654.38
40 2648
41 2644.25
42 2672.75
43 2613.5
44 2668.75
45 2628.69
46 2640.59
47 2664.69
48 2627.66
49 2678.81
50 2621.25
51 2663
52 2643.75
53 2622.81
54 2677.38
55 2629.25
56 2654.12
57 2657
58 2638.44
59 2644.38
60 2628.5
61 2669.19
62 2643
63 2634.88
64 2650
65 2633.16
66 2659.03
67 2638.88
68 2683.75
69 2631.53
70 2631.03
71 2659.75
72 2627.75
73 2674.06
74 2620.38
75 2656.62
76 2654.88
77 2620.88
78 2690.44
79 2620.5
80 2650.88
81 2641.03
82 2615.78
83 2693.38
84 2623.75
85 2660.44
86 2635.75
87 2651.75
88 2644.38
89 2643.81
90 2667.62
91 2634.12
92 2657.34
93 2645.41
94 2607
95 2682.81
96 2624.31
97 2655.94
98 2643.72
99 2630.81
100 2665.94
