1 742.969
2 891.562
3 923.562
4 961.562
5 1157.34
6 2247.88
7 1448.12
8 1615.5
9 1582.91
10 1402
11 1345.81
12 1465.25
13 1538.03
14 1594.5
15 1476.94
16 1487
17 1592.66
18 1746.38
19 1398.94
20 1434.94
21 1400.34
22 1434.94
23 1398.94
24 1418.94
25 1416.34
26 1398.94
27 1434.94
28 1398.94
29 1420.34
30 1414.94
31 1402.19
32 1434.94
33 1400.34
34 1438.19
35 1407.06
36 1398.94
37 1436.34
38 1394.06
39 1439.81
40 1395.69
41 1423.59
42 1414.94
43 1397.31
44 1429.88
45 1400.53
46 1433.44
47 1406.94
48 1398.94
49 1439.59
50 1397.31
51 1436.56
52 1410.31
53 1418.72
54 1413.31
55 1397.31
56 1436.56
57 1403.59
58 1418.94
59 1414.94
60 1398.94
61 1433.09
62 1402.19
63 1416.62
64 1417.25
65 1400.34
66 1433.31
67 1402.19
68 1436.56
69 1401.97
70 1425.44
71 1414.94
72 1402.19
73 1434.72
74 1387.56
75 1443.94
76 1399.69
77 1403.59
78 1434.94
79 1398.94
80 1428.44
81 1395.47
82 1430.31
83 1418.19
84 1398.94
85 1436.34
86 1402.19
87 1427.06
88 1414.94
89 1400.34
90 1434.94
91 1398.94
92 1430.94
93 1404.34
94 1398.94
95 1434.94
96 1398.94
97 1436.34
98 1397.31
99 1418.94
100 1416.56
