1 742.969
2 891.562
3 871.562
4 1569.06
5 2498.78
6 1315.94
7 1302.94
8 1334.94
9 1296.22
10 1343.06
11 1307.12
12 1313.31
13 1325.97
14 1294.81
15 1346.31
16 1302.94
17 1330.84
18 1319.81
19 1302.94
20 1334.94
21 1304.34
22 1333.31
23 1304.56
24 1317.31
25 1321.97
26 1301.31
27 1336.56
28 1302.94
29 1320.34
30 1318.94
31 1306.19
32 1323.56
33 1315.72
34 1340
35 1313.44
36 1302.94
37 1336.34
38 1298.06
39 1339.81
40 1302.94
41 1308.97
42 1330.31
43 1302.94
44 1333.31
45 1304.34
46 1317.19
47 1322.31
48 1302.94
49 1339.59
50 1302.94
51 1334.94
52 1311.06
53 1320.34
54 1322.19
55 1302.94
56 1334.94
57 1299.47
58 1323.81
59 1309.19
60 1312.69
61 1336.34
62 1296.44
63 1341.44
64 1302.94
65 1304.34
66 1338.19
67 1302.94
68 1334.94
69 1307.59
70 1327.06
71 1317.31
72 1304.56
73 1336.34
74 1298.06
75 1331.81
76 1310.94
77 1301.09
78 1338.19
79 1302.94
80 1323.56
81 1315.72
82 1317.31
83 1320.56
84 1304.56
85 1337.97
86 1306.19
87 1325.44
88 1320.56
89 1304.34
90 1334.94
91 1302.94
92 1333.31
93 1305.97
94 1301.31
95 1336.56
96 1302.94
97 1336.34
98 1301.31
99 1320.56
100 1317.31
