1 133201
2 229233
3 262839
4 258083
5 279318
6 268970
7 269659
8 268229
9 268997
10 267822
11 269470
12 268129
13 269828
14 269305
15 267567
16 269226
17 268174
18 265274
19 272082
20 268211
21 269103
22 268349
23 268578
24 269466
25 268078
26 268301
27 269141
28 267926
29 269462
30 266956
31 270434
32 268166
33 267903
34 269496
35 267540
36 270493
37 268412
38 267969
39 269713
40 268909
41 268101
42 268678
43 267586
44 268668
45 270229
46 268703
47 268583
48 268039
49 268621
50 269592
51 268198
52 268111
53 268349
54 269008
55 269497
56 269578
57 268636
58 268042
59 269576
60 268166
61 268832
62 268117
63 268960
64 268850
65 268370
66 269248
67 268452
68 268442
69 269526
70 268604
71 268946
72 268424
73 268622
74 267974
75 268409
76 268926
77 266693
78 271929
79 268606
80 267791
81 269253
82 269013
83 268362
84 268549
85 269001
86 268505
87 268868
88 268483
89 268322
90 268895
91 269736
92 268554
93 267868
94 270034
95 268941
96 268205
97 268688
98 268953
99 268388
100 268929
