1 742.969
2 891.562
3 851.562
4 1418.31
5 2675.09
6 1289.94
7 1315.94
8 1326.12
9 1317.34
10 1334.94
11 1298.06
12 1320.56
13 1323.59
14 1302.94
15 1338.19
16 1302.94
17 1330.84
18 1319.81
19 1302.94
20 1334.94
21 1304.34
22 1334.94
23 1302.94
24 1310.94
25 1328.34
26 1302.94
27 1334.94
28 1302.94
29 1320.34
30 1315.69
31 1307.81
32 1336.56
33 1304.34
34 1332.56
35 1302.06
36 1317.56
37 1331.47
38 1307.81
39 1334.94
40 1302.94
41 1318.72
42 1320.56
43 1302.94
44 1334.94
45 1304.34
46 1329.31
47 1308.56
48 1302.94
49 1336.34
50 1306.19
51 1334.94
52 1314.31
53 1316.34
54 1316.44
55 1309.44
56 1334.94
57 1304.34
58 1318.94
59 1318.94
60 1298.06
61 1341.22
62 1294.81
63 1339.06
64 1295.56
65 1315.72
66 1334.94
67 1306.19
68 1334.94
69 1314.09
70 1317.31
71 1320.56
72 1304.56
73 1331.47
74 1307.81
75 1330.94
76 1297.19
77 1314.09
78 1331.69
79 1306.19
80 1334.94
81 1304.34
82 1314.06
83 1327.06
84 1301.31
85 1336.34
86 1306.19
87 1328.69
88 1317.31
89 1305.97
90 1333.31
91 1293.19
92 1346.31
93 1304.34
94 1302.94
95 1321.94
96 1315.94
97 1336.34
98 1302.94
99 1318.94
100 1318.94
