1 742.969
2 891.562
3 923.562
4 1124.88
5 2333.84
6 1900.94
7 1340.44
8 1376.44
9 1346.03
10 1401.56
11 1394.88
12 1432.12
13 1420.78
14 1473.62
15 1492.94
16 1427.06
17 1535.78
18 1524.38
19 1505.88
20 1417.81
21 1379.53
22 1443.44
23 1440.94
24 1427.5
25 1395.53
26 1399.06
27 1463.75
28 1382.94
29 1403.72
30 1423.44
31 1418.19
32 1412.69
33 1371.16
34 1438.31
35 1434.88
36 1430.56
37 1436.34
38 1398.94
39 1434.94
40 1398.94
41 1420.34
42 1403.56
43 1385.06
44 1430.88
45 1421.53
46 1435.06
47 1406.94
48 1398.94
49 1439.59
50 1398.94
51 1434.94
52 1410.31
53 1420.34
54 1414.94
55 1398.94
56 1434.94
57 1400.34
58 1418.94
59 1414.94
60 1398.94
61 1421.72
62 1367.19
63 1414.12
64 1407.44
65 1442.34
66 1454.88
67 1398.94
68 1434.94
69 1410.09
70 1420.56
71 1414.94
72 1398.94
73 1436.34
74 1398.94
75 1434.94
76 1398.94
77 1384.34
78 1414.12
79 1411.62
80 1459.06
81 1400.34
82 1408.06
83 1405.75
84 1411.62
85 1437.22
86 1389.94
87 1419.75
88 1436.12
89 1408.47
90 1434.94
91 1398.94
92 1434.94
93 1400.34
94 1398.94
95 1434.94
96 1378.31
97 1423.91
98 1415.81
99 1431.88
100 1394.12
