1 53483.2
2 124086
3 229027
4 239187
5 277114
6 259056
7 264287
8 264904
9 264273
10 264380
11 265312
12 267130
13 264667
14 264365
15 266022
16 266507
17 265237
18 266578
19 265071
20 264520
21 267314
22 265287
23 265373
24 267141
25 266069
26 265919
27 266239
28 265962
29 266428
30 264851
31 266912
32 266058
33 266229
34 266204
35 266023
36 263126
37 263240
38 262681
39 264948
40 266019
41 265475
42 265570
43 265043
44 265519
45 266453
46 263360
47 266943
48 264828
49 260993
50 266145
51 265684
52 265488
53 266139
54 264379
55 264865
56 266240
57 265554
58 266874
59 265306
60 263903
61 261261
62 265244
63 266116
64 264101
65 264357
66 266669
67 265929
68 260938
69 263945
70 266223
71 266285
72 266419
73 265695
74 264693
75 263052
76 265558
77 264924
78 262518
79 260817
80 265986
81 265866
82 267281
83 263990
84 267490
85 265250
86 265580
87 265250
88 266031
89 265922
90 263502
91 265466
92 264568
93 265866
94 260561
95 260329
96 266652
97 258524
98 265292
99 267624
100 265941
