1 518.906
2 622.688
3 638.688
4 1157.5
5 2378.28
6 1088.06
7 1088.06
8 1116.06
9 1089.16
10 1116.06
11 1088.06
12 1100.06
13 1105.16
14 1092.94
15 1116.06
16 1088.06
17 1107.66
18 1104.06
19 1088.06
20 1116.06
21 1089.16
22 1116.06
23 1088.06
24 1100.06
25 1105.16
26 1088.06
27 1116.06
28 1088.06
29 1101.16
30 1104.06
31 1089.69
32 1119.31
33 1089.16
34 1112.06
35 1098.56
36 1088.06
37 1117.16
38 1088.06
39 1116.06
40 1088.06
41 1101.16
42 1104.06
43 1088.06
44 1116.06
45 1089.16
46 1112.06
47 1092.06
48 1088.06
49 1122.03
50 1088.06
51 1116.06
52 1094.56
53 1101.16
54 1104.06
55 1088.06
56 1116.06
57 1089.16
58 1100.06
59 1104.06
60 1088.06
61 1117.16
62 1088.06
63 1116.06
64 1088.06
65 1089.16
66 1119.31
67 1089.69
68 1116.06
69 1095.66
70 1100.06
71 1104.06
72 1088.06
73 1117.16
74 1088.06
75 1112.06
76 1092.06
77 1089.16
78 1116.06
79 1088.06
80 1116.06
81 1089.16
82 1100.06
83 1108.94
84 1088.06
85 1117.16
86 1088.06
87 1106.56
88 1104.06
89 1089.16
90 1116.06
91 1088.06
92 1116.06
93 1089.16
94 1088.06
95 1116.06
96 1088.06
97 1117.16
98 1088.06
99 1100.06
100 1104.06
