1 150190
2 226277
3 290779
4 292359
5 283366
6 266830
7 266089
8 268429
9 279733
10 274881
11 278731
12 287337
13 283670
14 287200
15 294709
16 294128
17 294115
18 300130
19 300351
20 293187
21 291465
22 297889
23 294680
24 296677
25 295620
26 303987
27 297698
28 294478
29 303529
30 300029
31 293731
32 291821
33 298446
34 290717
35 295994
36 286623
37 285816
38 295873
39 293841
40 289828
41 290311
42 285790
43 303226
44 297668
45 288953
46 293723
47 294400
48 292378
49 292103
50 297967
51 297848
52 290866
53 294959
54 293909
55 294546
56 295828
57 293631
58 302635
59 300737
60 289148
61 300710
62 292865
63 289423
64 300476
65 290613
66 294767
67 292764
68 295017
69 293391
70 294968
71 297366
72 298287
73 299396
74 292869
75 294596
76 297438
77 294645
78 293479
79 289442
80 295480
81 287799
82 291676
83 296409
84 276807
85 290001
86 290880
87 286583
88 284994
89 288491
90 277254
91 295699
92 286854
93 288824
94 293577
95 295404
96 296367
97 283629
98 296792
99 296226
100 289069
