1 1877.75
2 2431.12
3 2427.06
4 2537.06
5 3228.19
6 2577.81
7 2556.19
8 2632.31
9 2573.03
10 2617.06
11 2577.06
12 2578.69
13 2623.25
14 2529.22
15 2650.81
16 2583.44
17 2591.25
18 2599.59
19 2571.56
20 2617.94
21 2580.53
22 2594.66
23 2597
24 2536.12
25 2651.94
26 2575.38
27 2616.12
28 2575.5
29 2563.72
30 2620.19
31 2567.12
32 2607.88
33 2570.34
34 2586.41
35 2614.25
36 2574.5
37 2628.88
38 2563.12
39 2600.5
40 2589.62
41 2583.81
42 2594.56
43 2557.38
44 2619.12
45 2579.81
46 2584.19
47 2610.25
48 2552.62
49 2619.38
50 2566.25
51 2595.88
52 2605.5
53 2581.88
54 2621.5
55 2551.75
56 2619.88
57 2566.47
58 2579.75
59 2616.03
60 2565.5
61 2630.28
62 2545
63 2604.38
64 2591.75
65 2555.97
66 2622.69
67 2557.06
68 2606.69
69 2589.56
70 2582.09
71 2605.81
72 2559.44
73 2606.47
74 2572.31
75 2583.44
76 2598.69
77 2572.69
78 2616.34
79 2565.06
80 2586.56
81 2591.94
82 2567.59
83 2618.69
84 2562.69
85 2595.97
86 2587.56
87 2589.94
88 2606.69
89 2559.94
90 2625.22
91 2545.69
92 2600.31
93 2572.44
94 2577.47
95 2621.06
96 2561.06
97 2604.69
98 2585.22
99 2579.44
100 2599.44
