1 143094
2 223476
3 295541
4 282729
5 275424
6 261890
7 264916
8 266569
9 267011
10 269030
11 271291
12 272082
13 272770
14 285414
15 277581
16 283684
17 282729
18 279458
19 289216
20 288847
21 287701
22 284391
23 287369
24 288599
25 291008
26 284405
27 295701
28 286515
29 292798
30 294677
31 281423
32 294443
33 284199
34 290882
35 288828
36 295824
37 299055
38 292051
39 300696
40 287312
41 300122
42 287804
43 292895
44 291338
45 287102
46 288287
47 288634
48 289390
49 296089
50 288617
51 287727
52 288901
53 282981
54 285976
55 285375
56 291145
57 284271
58 290394
59 286114
60 294040
61 282636
62 282815
63 291175
64 288357
65 283034
66 287488
67 285595
68 283790
69 284996
70 285224
71 286518
72 287250
73 277892
74 277222
75 282736
76 286191
77 286338
78 289999
79 292327
80 286879
81 296267
82 285032
83 292586
84 285348
85 291441
86 281284
87 289510
88 293293
89 286837
90 298519
91 292710
92 297977
93 291545
94 292665
95 298250
96 293443
97 295072
98 297555
99 293432
100 289699
