1 2021.34
2 2419.44
3 2478.94
4 2547.69
5 3458.47
6 2818.31
7 2690.69
8 2737.81
9 2694.22
10 2712.19
11 2704.19
12 2700.19
13 2718.06
14 2688.34
15 2721.81
16 2705.81
17 2704.72
18 2724.94
19 2688.31
20 2714.56
21 2711.97
22 2708.94
23 2719.44
24 2676.94
25 2743.09
26 2683.31
27 2723.44
28 2703.44
29 2698.06
30 2721.09
31 2684.19
32 2727.44
33 2650.34
34 2713.31
35 2774.31
36 2672.19
37 2740.25
38 2687.78
39 2708.06
40 2723.69
41 2698.66
42 2729.38
43 2667.19
44 2753.19
45 2682.06
46 2697.09
47 2721.81
48 2684.94
49 2725.31
50 2704.47
51 2732.19
52 2693.06
53 2699.53
54 2731.75
55 2690.69
56 2728.94
57 2695.84
58 2686.56
59 2732.19
60 2689.06
61 2723.72
62 2701.06
63 2701.81
64 2717.81
65 2682.81
66 2724.34
67 2696.19
68 2717.94
69 2711.69
70 2705.22
71 2738.69
72 2676.94
73 2740.59
74 2681.81
75 2700.19
76 2732.31
77 2682.06
78 2742.72
79 2673.03
80 2725.62
81 2704.38
82 2680
83 2739.25
84 2685
85 2734.47
86 2693.91
87 2695.38
88 2685.62
89 2728.38
90 2720
91 2690.38
92 2718.62
93 2717.84
94 2672.03
95 2737.75
96 2681.75
97 2747.34
98 2683.41
99 2687.12
100 2727.38
