1 2021.34
2 2422.69
3 2483.56
4 2608.44
5 3734.16
6 2835.38
7 2721.81
8 2813.94
9 2730.34
10 2805.06
11 2723.44
12 2671.56
13 2679.09
14 2651.56
15 2687.44
16 2661.94
17 2657.59
18 2676.44
19 2666.69
20 2693.94
21 2646.22
22 2684.31
23 2676.44
24 2634.56
25 2707.22
26 2644.31
27 2676.31
28 2666.38
29 2659.31
30 2668.31
31 2659.5
32 2703.38
33 2646.88
34 2659.22
35 2692.41
36 2635.38
37 2705.09
38 2645.91
39 2655.38
40 2686.62
41 2650.59
42 2693.16
43 2650.62
44 2685.75
45 2658
46 2631.38
47 2695.5
48 2652.81
49 2690.38
50 2664.34
51 2679.19
52 2641.56
53 2661.59
54 2701.88
55 2635.12
56 2692.75
57 2645.44
58 2650.25
59 2700
60 2638.25
61 2707.5
62 2637.06
63 2678.25
64 2639.88
65 2666.91
66 2682.41
67 2652.28
68 2666.94
69 2684.47
70 2649.44
71 2679.69
72 2650.19
73 2698.72
74 2636.56
75 2672.69
76 2677.31
77 2635.16
78 2685.75
79 2654.06
80 2672.56
81 2671.44
82 2641.47
83 2678.94
84 2650.19
85 2684.19
86 2655.97
87 2658.19
88 2695.06
89 2632.62
90 2692.28
91 2656.56
92 2666.94
93 2673.97
94 2630.06
95 2701.44
96 2638.94
97 2679.44
98 2658.22
99 2643.81
100 2689.31
