1 143094
2 223678
3 292467
4 277949
5 282465
6 292154
7 295298
8 292605
9 288431
10 289972
11 284591
12 293282
13 285310
14 292296
15 289023
16 291765
17 293581
18 289576
19 294238
20 293519
21 291688
22 289229
23 290648
24 293061
25 296781
26 293017
27 296098
28 293656
29 293799
30 296117
31 291859
32 293982
33 294447
34 294378
35 294415
36 297947
37 293045
38 292253
39 302459
40 288858
41 299627
42 290546
43 293318
44 295343
45 290277
46 291220
47 290165
48 291560
49 296432
50 288039
51 292287
52 294206
53 294926
54 290617
55 295612
56 296753
57 284298
58 297779
59 289507
60 293426
61 291953
62 285245
63 291240
64 288881
65 292760
66 296273
67 290861
68 286883
69 287355
70 293039
71 291124
72 288734
73 285613
74 287704
75 288120
76 291068
77 291995
78 290638
79 295431
80 286053
81 293438
82 291273
83 295716
84 290762
85 294681
86 296994
87 287542
88 297552
89 292787
90 297850
91 294792
92 295349
93 289910
94 292082
95 294461
96 300623
97 296202
98 296144
99 294346
100 291952
