1 2021.34
2 2425.94
3 2458.69
4 2474.41
5 2518.25
6 2694.28
7 3061.75
8 3031
9 3152.88
10 2728.12
11 2680.44
12 2687.78
13 2714
14 2684.59
15 2709.88
16 2683.5
17 2691.06
18 2719.5
19 2675.34
20 2713.81
21 2678.72
22 2717.69
23 2695.44
24 2664.94
25 2728.97
26 2686.69
27 2720.94
28 2668.94
29 2692.34
30 2708.94
31 2668.94
32 2733.06
33 2676.78
34 2702.38
35 2704.88
36 2659.12
37 2754.62
38 2655.12
39 2716.88
40 2692
41 2675.12
42 2722.5
43 2665.5
44 2714.5
45 2680
46 2695.25
47 2700.75
48 2683.25
49 2710.38
50 2686.5
51 2711.25
52 2695.25
53 2648.38
54 2705.75
55 2723.62
56 2712.75
57 2685.62
58 2661.62
59 2717.5
60 2692.12
61 2713.62
62 2682.38
63 2699.25
64 2700.75
65 2667.25
66 2721.5
67 2681.75
68 2686.38
69 2715.38
70 2686.38
71 2722.5
72 2665.62
73 2708.75
74 2691.25
75 2695.25
76 2704.75
77 2678.5
78 2731.12
79 2663.25
80 2696
81 2696
82 2676
83 2728
84 2664.12
85 2711.88
86 2702.5
87 2692.12
88 2708
89 2665.62
90 2699.12
91 2683.25
92 2729.75
93 2705.62
94 2657.5
95 2734.5
96 2669.62
97 2706.38
98 2685.62
99 2682.38
100 2725.62
