1 2021.34
2 2425.94
3 2470.06
4 2529.81
5 3273.72
6 3032
7 2683.44
8 2741.81
9 2687.84
10 2728.19
11 2690.56
12 2692.19
13 2730.22
14 2689.06
15 2733.06
16 2682.56
17 2719.09
18 2723.44
19 2684.31
20 2728.94
21 2691.69
22 2723.47
23 2712.31
24 2688.19
25 2738.06
26 2669.09
27 2727.44
28 2705.81
29 2700.59
30 2725.81
31 2676.19
32 2738.69
33 2693.91
34 2716.5
35 2702.69
36 2675.31
37 2760.84
38 2680.19
39 2743.31
40 2681.06
41 2699.69
42 2730.72
43 2683.44
44 2736.19
45 2684.59
46 2700.19
47 2721.81
48 2684.19
49 2733.16
50 2680.5
51 2721.06
52 2727.44
53 2696.72
54 2733.06
55 2681.81
56 2716.06
57 2701.31
58 2710.84
59 2718.56
60 2676.94
61 2753.47
62 2681.81
63 2700.19
64 2722.56
65 2679.84
66 2730.56
67 2695.44
68 2734.69
69 2699.09
70 2699.44
71 2729.81
72 2681.81
73 2708.28
74 2710.88
75 2713.06
76 2708.19
77 2693.47
78 2730.56
79 2684.19
80 2728.19
81 2703.84
82 2685.81
83 2737.81
84 2683.44
85 2725.47
86 2708.19
87 2700.19
88 2706.69
89 2702.22
90 2737.81
91 2696.31
92 2699.31
93 2721.47
94 2679.44
95 2731.31
96 2689.06
97 2722.25
98 2688.72
99 2705.69
100 2724.69
