1 87091.7
2 177597
3 183557
4 182490
5 180355
6 185311
7 186330
8 184815
9 184195
10 185338
11 184637
12 184527
13 184876
14 184437
15 184957
16 184193
17 184692
18 184958
19 184668
20 184605
21 184754
22 184884
23 184844
24 184100
25 185288
26 184823
27 184317
28 185065
29 184428
30 184640
31 184726
32 184166
33 185031
34 185246
35 184519
36 184825
37 184418
38 184893
39 184716
40 184274
41 185192
42 184929
43 184264
44 184645
45 184783
46 184974
47 184555
48 184528
49 185075
50 184606
51 184455
52 184821
53 184577
54 183837
55 185362
56 184743
57 184934
58 184167
59 185240
60 184509
61 184741
62 184472
63 184898
64 184269
65 184830
66 184717
67 184181
68 185321
69 184499
70 184511
71 184569
72 185213
73 184213
74 185005
75 184829
76 184677
77 184724
78 184867
79 184741
80 184656
81 184608
82 184851
83 184720
84 184720
85 184730
86 184302
87 184747
88 185074
89 184138
90 185071
91 184258
92 185296
93 184600
94 184652
95 184372
96 185076
97 184862
98 184740
99 183359
100 186454
101 184634
102 184652
103 184559
104 184882
105 184227
106 184954
107 184486
108 184366
109 184615
110 185135
111 184813
112 184994
113 184699
114 184485
115 184529
116 184070
117 185619
118 184783
119 184046
120 184933
121 184822
122 184611
123 184775
124 185006
125 184493
126 184502
127 185044
128 184851
129 184166
130 185281
131 184210
132 184795
133 184280
134 182608
135 187029
136 184843
137 184681
138 184629
139 184640
140 184560
141 184834
142 184537
143 185016
144 184608
145 184988
146 184451
147 184990
148 184663
149 184821
150 184598
151 183211
152 186262
153 183958
154 185216
155 184595
156 184768
157 185185
158 184367
159 184941
160 184593
161 184679
162 184376
163 184703
164 184948
165 184515
166 184963
167 184708
168 184527
169 184606
170 184985
171 184551
172 184295
173 184416
174 185608
175 184053
176 184809
177 184840
178 184730
179 184609
180 184839
181 184972
182 184273
183 185010
184 184863
185 184589
186 184769
187 184776
188 184060
189 185338
190 184707
191 184685
192 183743
193 185808
194 184348
195 184473
196 185021
197 184168
198 184901
199 184967
200 183512
