1 53483.2
2 124967
3 225782
4 246897
5 278127
6 261183
7 256094
8 263720
9 268395
10 266939
11 261939
12 264958
13 257475
14 266323
15 263550
16 259998
17 257284
18 262348
19 263592
20 264012
21 261595
22 266174
23 268430
24 268058
25 265664
26 258980
27 260359
28 265809
29 267378
30 267079
31 262485
32 268237
33 266832
34 255634
35 254476
36 267172
37 263704
38 261301
39 266809
40 264820
41 261524
42 268108
43 262572
44 265887
45 268875
46 267410
47 265559
48 256473
49 265219
50 267484
51 268674
52 267089
53 261557
54 254215
55 259864
56 263483
57 267311
58 265762
59 268521
60 260082
61 248095
62 256176
63 263316
64 269362
65 259777
66 265485
67 263118
68 266207
69 259482
70 264181
71 266337
72 268628
73 261788
74 262752
75 266228
76 264126
77 264248
78 253193
79 251338
80 261934
81 265959
82 266928
83 267757
84 263220
85 261647
86 267194
87 266052
88 267293
89 264851
90 268025
91 267968
92 268567
93 264700
94 263833
95 267273
96 267018
97 259038
98 264041
99 263593
100 259019
